10 24 0.10258102417 0.185812950134
15 36 0.110257148743 0.26598906517
20 49 0.134567975998 0.334702014923
30 74 0.208328008652 0.606029987335
40 99 0.270285129547 0.678143024445
50 124 0.332653999329 1.00696206093
60 149 0.412481784821 1.30832314491
80 199 0.531024932861 1.77923297882
100 249 0.688256025314 2.38214111328
150 374 0.941026926041 4.41195487976
300 749 2.4141869545 14.2880280018
500 1249 4.64219617844 38.1697688103
1000 2499 7.63509583473 100.148591995
2000 4999 14.1433539391 338.468498945
3000 7499 22.2948219776 1044.28892398
