10 24 0.0431189537048 0.137678861618
15 36 0.07044506073 0.209817886353
20 49 0.0777089595795 0.316025972366
30 74 0.119848966599 0.463003158569
40 99 0.150569200516 0.634072065353
50 124 0.188399076462 0.755729198456
60 149 0.229541063309 1.3366420269
80 199 0.30532002449 1.4731118679
100 249 0.413486003876 2.71202993393
150 374 0.622116088867 3.6872241497
300 749 1.2086391449 9.67005205154
500 1249 1.86507582664 22.1932330132
1000 2499 3.74173307419 55.0405130386
2000 4999 7.72393512726 213.373090982
5000 12499 20.1852190495 2733.00676298
